Timestamp              Altitude (cm)    Gesture          RC Command      
1781614839.781   60         NONE             (0, 0, 0, 0)
1781614841.805   70         NONE             (0, 0, 0, 0)
1781614843.824   70         NONE             (0, 0, 0, 0)
1781614845.846   60         NONE             (0, 0, 0, 0)
1781614847.880   60         NONE             (0, 0, 0, 0)
1781614849.924   70         NONE             (0, 0, 0, 0)
1781614851.957   -20        NONE             (0, 0, 0, 0)
1781614853.974   0          NONE             (0, 0, 0, 0)
1781614856.002   0          NONE             (0, 0, 0, 0)
Timestamp              Altitude (cm)    Gesture          RC Command      
1781614944.952   70         NONE             (0, 0, 0, 0)
1781614946.952   70         NONE             (0, 0, 0, 0)
1781614948.973   70         NONE             (0, 0, 0, 0)
1781614951.022   70         NONE             (0, 0, 0, 0)
1781614953.050   70         NONE             (0, 0, 0, 0)
1781614955.114   70         NONE             (0, 0, 0, 0)
1781614957.130   0          NONE             (0, 0, 0, 0)
1781614959.136   0          NONE             (0, 0, 0, 0)
1781614961.141   0          NONE             (0, 0, 0, 0)
1781614963.154   0          NONE             (0, 0, 0, 0)
1781614965.185   0          NONE             (0, 0, 0, 0)
1781614967.234   0          NONE             (0, 0, 0, 0)
1781614969.238   0          NONE             (0, 0, 0, 0)
1781614971.256   0          NONE             (0, 0, 0, 0)
1781614973.278   0          NONE             (0, 0, 0, 0)
1781614975.291   0          NONE             (0, 0, 0, 0)
1781614977.308   0          NONE             (0, 0, 0, 0)
1781614979.319   0          NONE             (0, 0, 0, 0)
1781614981.343   0          NONE             (0, 0, 0, 0)
1781614983.372   0          NONE             (0, 0, 0, 0)
1781614985.389   0          NONE             (0, 0, 0, 0)
1781614987.419   0          NONE             (0, 0, 0, 0)
1781614989.446   0          NONE             (0, 0, 0, 0)
1781614991.474   0          NONE             (0, 0, 0, 0)
1781614993.480   0          NONE             (0, 0, 0, 0)
1781614995.484   0          NONE             (0, 0, 0, 0)
1781614997.499   0          NONE             (0, 0, 0, 0)
1781614999.514   0          NONE             (0, 0, 0, 0)
1781615001.535   0          NONE             (0, 0, 0, 0)
1781615003.544   0          NONE             (0, 0, 0, 0)
1781615005.569   0          NONE             (0, 0, 0, 0)
1781615007.591   0          NONE             (0, 0, 0, 0)
1781615009.595   0          NONE             (0, 0, 0, 0)
1781615011.619   0          NONE             (0, 0, 0, 0)
1781615013.646   0          NONE             (0, 0, 0, 0)
1781615015.664   0          NONE             (0, 0, 0, 0)
1781615017.676   0          NONE             (0, 0, 0, 0)
1781615019.676   0          NONE             (0, 0, 0, 0)
1781615021.697   0          NONE             (0, 0, 0, 0)
1781615023.699   0          NONE             (0, 0, 0, 0)
1781615025.724   0          NONE             (0, 0, 0, 0)
1781615027.734   0          NONE             (0, 0, 0, 0)
1781615029.739   0          NONE             (0, 0, 0, 0)
1781615031.748   0          NONE             (0, 0, 0, 0)
1781615033.760   0          NONE             (0, 0, 0, 0)
1781615035.778   0          NONE             (0, 0, 0, 0)
1781615037.822   0          NONE             (0, 0, 0, 0)
1781615039.831   0          NONE             (0, 0, 0, 0)
1781615041.846   0          NONE             (0, 0, 0, 0)
1781615043.846   0          NONE             (0, 0, 0, 0)
1781615045.874   0          NONE             (0, 0, 0, 0)
1781615047.897   0          NONE             (0, 0, 0, 0)
1781615049.922   0          NONE             (0, 0, 0, 0)
1781615051.946   0          NONE             (0, 0, 0, 0)
1781615053.965   0          NONE             (0, 0, 0, 0)
1781615055.987   0          NONE             (0, 0, 0, 0)
1781615058.020   0          NONE             (0, 0, 0, 0)
1781615060.030   0          NONE             (0, 0, 0, 0)
1781615062.061   0          NONE             (0, 0, 0, 0)
1781615064.109   0          NONE             (0, 0, 0, 0)
1781615066.123   0          NONE             (0, 0, 0, 0)
1781615068.135   0          NONE             (0, 0, 0, 0)
1781615070.144   0          NONE             (0, 0, 0, 0)
1781615072.149   0          NONE             (0, 0, 0, 0)
1781615074.170   0          NONE             (0, 0, 0, 0)
1781615076.200   0          NONE             (0, 0, 0, 0)
1781615078.217   0          NONE             (0, 0, 0, 0)
1781615080.225   0          NONE             (0, 0, 0, 0)
1781615082.226   0          NONE             (0, 0, 0, 0)
1781615084.247   0          NONE             (0, 0, 0, 0)
1781615086.256   0          NONE             (0, 0, 0, 0)
1781615088.290   0          NONE             (0, 0, 0, 0)
1781615090.302   0          NONE             (0, 0, 0, 0)
1781615092.309   0          NONE             (0, 0, 0, 0)
1781615094.329   0          NONE             (0, 0, 0, 0)
1781615096.355   0          NONE             (0, 0, 0, 0)
1781615098.368   0          NONE             (0, 0, 0, 0)
1781615100.403   0          NONE             (0, 0, 0, 0)
1781615102.426   0          NONE             (0, 0, 0, 0)
1781615104.435   0          NONE             (0, 0, 0, 0)
1781615106.452   0          NONE             (0, 0, 0, 0)
1781615108.474   0          NONE             (0, 0, 0, 0)
1781615110.488   0          NONE             (0, 0, 0, 0)
1781615112.506   0          NONE             (0, 0, 0, 0)
1781615114.528   0          NONE             (0, 0, 0, 0)
1781615116.549   0          NONE             (0, 0, 0, 0)
1781615118.566   0          NONE             (0, 0, 0, 0)
1781615120.590   0          NONE             (0, 0, 0, 0)
1781615122.624   0          NONE             (0, 0, 0, 0)
1781615124.636   0          NONE             (0, 0, 0, 0)
1781615126.670   0          NONE             (0, 0, 0, 0)
1781615128.680   0          NONE             (0, 0, 0, 0)
1781615130.698   0          NONE             (0, 0, 0, 0)
1781615132.740   0          NONE             (0, 0, 0, 0)
1781615134.767   0          NONE             (0, 0, 0, 0)
1781615136.807   0          NONE             (0, 0, 0, 0)
1781615138.849   0          NONE             (0, 0, 0, 0)
1781615140.888   0          NONE             (0, 0, 0, 0)
1781615142.920   0          NONE             (0, 0, 0, 0)
1781615144.926   0          NONE             (0, 0, 0, 0)
1781615146.929   0          NONE             (0, 0, 0, 0)
1781615148.930   0          NONE             (0, 0, 0, 0)
1781615150.959   0          NONE             (0, 0, 0, 0)
1781615152.969   0          NONE             (0, 0, 0, 0)
1781615154.986   0          NONE             (0, 0, 0, 0)
1781615157.002   0          NONE             (0, 0, 0, 0)
1781615159.005   0          NONE             (0, 0, 0, 0)
1781615161.018   0          NONE             (0, 0, 0, 0)
1781615163.019   0          NONE             (0, 0, 0, 0)
1781615165.041   0          NONE             (0, 0, 0, 0)
1781615167.052   0          NONE             (0, 0, 0, 0)
1781615169.073   0          NONE             (0, 0, 0, 0)
1781615171.082   0          NONE             (0, 0, 0, 0)
1781615173.104   0          NONE             (0, 0, 0, 0)
1781615175.145   0          NONE             (0, 0, 0, 0)
1781615177.180   0          NONE             (0, 0, 0, 0)
1781615179.215   0          NONE             (0, 0, 0, 0)
1781615181.226   0          NONE             (0, 0, 0, 0)
1781615183.253   0          NONE             (0, 0, 0, 0)
1781615185.266   0          NONE             (0, 0, 0, 0)
1781615187.297   0          NONE             (0, 0, 0, 0)
1781615189.324   0          NONE             (0, 0, 0, 0)
1781615191.338   0          NONE             (0, 0, 0, 0)
1781615193.381   0          NONE             (0, 0, 0, 0)
1781615195.405   0          NONE             (0, 0, 0, 0)
1781615197.411   0          NONE             (0, 0, 0, 0)
1781615199.442   0          NONE             (0, 0, 0, 0)
1781615201.456   0          NONE             (0, 0, 0, 0)
1781615203.482   0          NONE             (0, 0, 0, 0)
1781615205.503   0          NONE             (0, 0, 0, 0)
1781615207.534   0          NONE             (0, 0, 0, 0)
1781615209.572   0          NONE             (0, 0, 0, 0)
1781615211.603   0          NONE             (0, 0, 0, 0)
1781615213.604   0          NONE             (0, 0, 0, 0)
1781615215.650   0          NONE             (0, 0, 0, 0)
1781615217.689   0          NONE             (0, 0, 0, 0)
1781615219.725   0          NONE             (0, 0, 0, 0)
1781615221.785   0          NONE             (0, 0, 0, 0)
1781615223.841   0          NONE             (0, 0, 0, 0)
1781615225.903   0          NONE             (0, 0, 0, 0)
1781615227.935   0          NONE             (0, 0, 0, 0)
1781615229.962   0          NONE             (0, 0, 0, 0)
1781615231.970   0          NONE             (0, 0, 0, 0)
1781615233.972   0          NONE             (0, 0, 0, 0)
1781615235.977   0          NONE             (0, 0, 0, 0)
1781615237.996   0          NONE             (0, 0, 0, 0)
1781615240.010   0          NONE             (0, 0, 0, 0)
1781615242.014   0          NONE             (0, 0, 0, 0)
1781615244.034   0          NONE             (0, 0, 0, 0)
1781615246.038   0          NONE             (0, 0, 0, 0)
1781615248.060   0          NONE             (0, 0, 0, 0)
1781615250.068   0          NONE             (0, 0, 0, 0)
1781615252.097   0          NONE             (0, 0, 0, 0)
1781615254.112   0          NONE             (0, 0, 0, 0)
1781615256.121   0          NONE             (0, 0, 0, 0)
1781615258.145   0          NONE             (0, 0, 0, 0)
1781615260.148   0          NONE             (0, 0, 0, 0)
1781615262.159   0          NONE             (0, 0, 0, 0)
1781615264.166   0          NONE             (0, 0, 0, 0)
1781615266.186   0          NONE             (0, 0, 0, 0)
1781615268.208   0          NONE             (0, 0, 0, 0)
1781615270.225   0          NONE             (0, 0, 0, 0)
1781615272.271   0          NONE             (0, 0, 0, 0)
1781615274.277   0          NONE             (0, 0, 0, 0)
1781615276.283   0          NONE             (0, 0, 0, 0)
1781615278.292   0          NONE             (0, 0, 0, 0)
1781615280.304   0          NONE             (0, 0, 0, 0)
1781615282.311   0          NONE             (0, 0, 0, 0)
1781615284.312   0          NONE             (0, 0, 0, 0)
1781615286.339   0          NONE             (0, 0, 0, 0)
1781615288.351   0          NONE             (0, 0, 0, 0)
1781615290.389   0          NONE             (0, 0, 0, 0)
1781615292.408   0          NONE             (0, 0, 0, 0)
1781615294.421   0          NONE             (0, 0, 0, 0)
1781615296.452   0          NONE             (0, 0, 0, 0)
1781615298.475   0          NONE             (0, 0, 0, 0)
1781615300.489   0          NONE             (0, 0, 0, 0)
1781615302.496   0          NONE             (0, 0, 0, 0)
1781615304.525   0          NONE             (0, 0, 0, 0)
1781615306.563   0          NONE             (0, 0, 0, 0)
1781615308.564   0          NONE             (0, 0, 0, 0)
1781615310.571   0          NONE             (0, 0, 0, 0)
1781615312.609   0          NONE             (0, 0, 0, 0)
1781615314.609   0          NONE             (0, 0, 0, 0)
1781615316.628   0          NONE             (0, 0, 0, 0)
1781615318.634   0          NONE             (0, 0, 0, 0)
1781615320.648   0          NONE             (0, 0, 0, 0)
1781615322.658   0          NONE             (0, 0, 0, 0)
1781615324.696   0          NONE             (0, 0, 0, 0)
1781615326.714   0          NONE             (0, 0, 0, 0)
1781615328.722   0          NONE             (0, 0, 0, 0)
1781615330.740   0          NONE             (0, 0, 0, 0)
1781615332.760   0          NONE             (0, 0, 0, 0)
1781615334.786   0          NONE             (0, 0, 0, 0)
1781615336.804   0          NONE             (0, 0, 0, 0)
1781615338.839   0          NONE             (0, 0, 0, 0)
1781615340.846   0          NONE             (0, 0, 0, 0)
1781615342.861   0          NONE             (0, 0, 0, 0)
1781615344.892   0          NONE             (0, 0, 0, 0)
1781615346.903   0          NONE             (0, 0, 0, 0)
1781615348.925   0          NONE             (0, 0, 0, 0)
1781615350.934   0          NONE             (0, 0, 0, 0)
1781615352.951   0          NONE             (0, 0, 0, 0)
1781615354.973   0          NONE             (0, 0, 0, 0)
1781615357.005   0          NONE             (0, 0, 0, 0)
1781615359.035   0          NONE             (0, 0, 0, 0)
1781615361.039   0          NONE             (0, 0, 0, 0)
1781615363.054   0          NONE             (0, 0, 0, 0)
1781615365.059   0          NONE             (0, 0, 0, 0)
1781615367.072   0          NONE             (0, 0, 0, 0)
1781615369.112   0          NONE             (0, 0, 0, 0)
1781615371.119   0          NONE             (0, 0, 0, 0)
1781615373.148   0          NONE             (0, 0, 0, 0)
1781615375.187   0          NONE             (0, 0, 0, 0)
1781615377.214   0          NONE             (0, 0, 0, 0)
1781615379.233   0          NONE             (0, 0, 0, 0)
1781615381.252   0          NONE             (0, 0, 0, 0)
1781615383.284   0          NONE             (0, 0, 0, 0)
1781615385.296   0          NONE             (0, 0, 0, 0)
1781615387.336   0          NONE             (0, 0, 0, 0)
1781615389.364   0          NONE             (0, 0, 0, 0)
1781615391.406   0          NONE             (0, 0, 0, 0)
1781615393.443   0          NONE             (0, 0, 0, 0)
1781615395.472   0          NONE             (0, 0, 0, 0)
1781615397.474   0          NONE             (0, 0, 0, 0)
1781615399.496   0          NONE             (0, 0, 0, 0)
1781615401.539   0          NONE             (0, 0, 0, 0)
1781615403.556   0          NONE             (0, 0, 0, 0)
1781615405.557   0          NONE             (0, 0, 0, 0)
1781615407.567   0          NONE             (0, 0, 0, 0)
1781615409.588   0          NONE             (0, 0, 0, 0)
1781615411.595   0          NONE             (0, 0, 0, 0)
1781615413.632   0          NONE             (0, 0, 0, 0)
1781615415.665   0          NONE             (0, 0, 0, 0)
1781615417.668   0          NONE             (0, 0, 0, 0)
1781615419.708   0          NONE             (0, 0, 0, 0)
1781615421.745   0          NONE             (0, 0, 0, 0)
1781615423.749   0          NONE             (0, 0, 0, 0)
1781615425.763   0          NONE             (0, 0, 0, 0)
1781615427.781   0          NONE             (0, 0, 0, 0)
1781615429.815   0          NONE             (0, 0, 0, 0)
1781615431.861   0          NONE             (0, 0, 0, 0)
1781615433.891   0          NONE             (0, 0, 0, 0)
1781615435.914   0          NONE             (0, 0, 0, 0)
1781615437.944   0          NONE             (0, 0, 0, 0)
1781615439.945   0          NONE             (0, 0, 0, 0)
1781615441.977   0          NONE             (0, 0, 0, 0)
1781615444.004   0          NONE             (0, 0, 0, 0)
1781615446.044   0          NONE             (0, 0, 0, 0)
1781615448.056   0          NONE             (0, 0, 0, 0)
1781615450.083   0          NONE             (0, 0, 0, 0)
1781615452.095   0          NONE             (0, 0, 0, 0)
1781615454.142   0          NONE             (0, 0, 0, 0)
1781615456.181   0          NONE             (0, 0, 0, 0)
1781615458.182   0          NONE             (0, 0, 0, 0)
1781615460.197   0          NONE             (0, 0, 0, 0)
1781615462.221   0          NONE             (0, 0, 0, 0)
1781615464.266   0          NONE             (0, 0, 0, 0)
1781615466.291   0          NONE             (0, 0, 0, 0)
1781615468.314   0          NONE             (0, 0, 0, 0)
1781615470.335   0          NONE             (0, 0, 0, 0)
1781615472.338   0          NONE             (0, 0, 0, 0)
1781615474.351   0          NONE             (0, 0, 0, 0)
1781615476.375   0          NONE             (0, 0, 0, 0)
1781615478.385   0          NONE             (0, 0, 0, 0)
1781615480.412   0          NONE             (0, 0, 0, 0)
1781615482.430   0          NONE             (0, 0, 0, 0)
1781615484.446   0          NONE             (0, 0, 0, 0)
1781615486.469   0          NONE             (0, 0, 0, 0)
1781615488.474   0          NONE             (0, 0, 0, 0)
1781615490.500   0          NONE             (0, 0, 0, 0)
1781615492.512   0          NONE             (0, 0, 0, 0)
1781615494.528   0          NONE             (0, 0, 0, 0)
1781615496.533   0          NONE             (0, 0, 0, 0)
1781615498.544   0          NONE             (0, 0, 0, 0)
1781615500.568   0          NONE             (0, 0, 0, 0)
1781615502.584   0          NONE             (0, 0, 0, 0)
1781615504.586   0          NONE             (0, 0, 0, 0)
1781615506.604   0          NONE             (0, 0, 0, 0)
1781615508.629   0          NONE             (0, 0, 0, 0)
1781615510.644   0          NONE             (0, 0, 0, 0)
1781615512.649   0          NONE             (0, 0, 0, 0)
1781615514.651   0          NONE             (0, 0, 0, 0)
1781615516.653   0          NONE             (0, 0, 0, 0)
1781615518.658   0          NONE             (0, 0, 0, 0)
1781615520.690   0          NONE             (0, 0, 0, 0)
1781615522.722   0          NONE             (0, 0, 0, 0)
1781615524.760   0          NONE             (0, 0, 0, 0)
1781615526.768   0          NONE             (0, 0, 0, 0)
1781615528.776   0          NONE             (0, 0, 0, 0)
1781615530.798   0          NONE             (0, 0, 0, 0)
1781615532.818   0          NONE             (0, 0, 0, 0)
1781615534.842   0          NONE             (0, 0, 0, 0)
1781615536.865   0          NONE             (0, 0, 0, 0)
1781615538.909   0          NONE             (0, 0, 0, 0)
1781615540.909   0          NONE             (0, 0, 0, 0)
1781615542.923   0          NONE             (0, 0, 0, 0)
1781615544.957   0          NONE             (0, 0, 0, 0)
1781615546.986   0          NONE             (0, 0, 0, 0)
1781615548.997   0          NONE             (0, 0, 0, 0)
1781615551.017   0          NONE             (0, 0, 0, 0)
1781615553.037   0          NONE             (0, 0, 0, 0)
1781615555.054   0          NONE             (0, 0, 0, 0)
1781615557.072   0          NONE             (0, 0, 0, 0)
1781615559.074   0          NONE             (0, 0, 0, 0)
1781615561.105   0          NONE             (0, 0, 0, 0)
1781615563.112   0          NONE             (0, 0, 0, 0)
1781615565.132   0          NONE             (0, 0, 0, 0)
1781615567.150   0          NONE             (0, 0, 0, 0)
1781615569.163   0          NONE             (0, 0, 0, 0)
1781615571.181   0          NONE             (0, 0, 0, 0)
1781615573.195   0          NONE             (0, 0, 0, 0)
1781615575.208   0          NONE             (0, 0, 0, 0)
1781615577.216   0          NONE             (0, 0, 0, 0)
1781615579.246   0          NONE             (0, 0, 0, 0)
1781615581.276   0          NONE             (0, 0, 0, 0)
1781615583.312   0          NONE             (0, 0, 0, 0)
1781615585.345   0          NONE             (0, 0, 0, 0)
1781615587.362   0          NONE             (0, 0, 0, 0)
1781615589.386   0          NONE             (0, 0, 0, 0)
1781615591.388   0          NONE             (0, 0, 0, 0)
1781615593.422   0          NONE             (0, 0, 0, 0)
1781615595.425   0          NONE             (0, 0, 0, 0)
1781615597.434   0          NONE             (0, 0, 0, 0)
1781615599.463   0          NONE             (0, 0, 0, 0)
1781615601.480   0          NONE             (0, 0, 0, 0)
1781615603.491   0          NONE             (0, 0, 0, 0)
1781615605.518   0          NONE             (0, 0, 0, 0)
1781615607.523   0          NONE             (0, 0, 0, 0)
1781615609.561   0          NONE             (0, 0, 0, 0)
1781615611.572   0          NONE             (0, 0, 0, 0)
1781615613.607   0          NONE             (0, 0, 0, 0)
1781615615.615   0          NONE             (0, 0, 0, 0)
1781615617.634   0          NONE             (0, 0, 0, 0)
1781615619.657   0          NONE             (0, 0, 0, 0)
1781615621.691   0          NONE             (0, 0, 0, 0)
1781615623.699   0          NONE             (0, 0, 0, 0)
1781615625.701   0          NONE             (0, 0, 0, 0)
1781615627.726   0          NONE             (0, 0, 0, 0)
1781615629.742   0          NONE             (0, 0, 0, 0)
1781615631.758   0          NONE             (0, 0, 0, 0)
1781615633.766   0          NONE             (0, 0, 0, 0)
1781615635.796   0          NONE             (0, 0, 0, 0)
1781615637.816   0          NONE             (0, 0, 0, 0)
1781615639.854   0          NONE             (0, 0, 0, 0)
1781615641.875   0          NONE             (0, 0, 0, 0)
1781615643.889   0          NONE             (0, 0, 0, 0)
1781615645.904   0          NONE             (0, 0, 0, 0)
1781615647.925   0          NONE             (0, 0, 0, 0)
1781615649.960   0          NONE             (0, 0, 0, 0)
1781615651.982   0          NONE             (0, 0, 0, 0)
1781615654.007   0          NONE             (0, 0, 0, 0)
1781615656.044   0          NONE             (0, 0, 0, 0)
1781615658.074   0          NONE             (0, 0, 0, 0)
1781615660.091   0          NONE             (0, 0, 0, 0)
1781615662.145   0          NONE             (0, 0, 0, 0)
1781615664.193   0          NONE             (0, 0, 0, 0)
1781615666.233   0          NONE             (0, 0, 0, 0)
1781615668.239   0          NONE             (0, 0, 0, 0)
1781615670.274   0          NONE             (0, 0, 0, 0)
1781615672.285   0          NONE             (0, 0, 0, 0)
1781615674.325   0          NONE             (0, 0, 0, 0)
1781615676.330   0          NONE             (0, 0, 0, 0)
1781615678.332   0          NONE             (0, 0, 0, 0)
1781615680.367   0          NONE             (0, 0, 0, 0)
1781615682.376   0          NONE             (0, 0, 0, 0)
1781615684.402   0          NONE             (0, 0, 0, 0)
1781615686.404   0          NONE             (0, 0, 0, 0)
1781615688.428   0          NONE             (0, 0, 0, 0)
1781615690.436   0          NONE             (0, 0, 0, 0)
1781615692.455   0          NONE             (0, 0, 0, 0)
1781615694.489   0          NONE             (0, 0, 0, 0)
1781615696.503   0          NONE             (0, 0, 0, 0)
1781615698.510   0          NONE             (0, 0, 0, 0)
1781615700.531   0          NONE             (0, 0, 0, 0)
1781615702.549   0          NONE             (0, 0, 0, 0)
1781615704.589   0          NONE             (0, 0, 0, 0)
1781615706.593   0          NONE             (0, 0, 0, 0)
1781615708.629   0          NONE             (0, 0, 0, 0)
1781615710.658   0          NONE             (0, 0, 0, 0)
1781615712.662   0          NONE             (0, 0, 0, 0)
1781615714.663   0          NONE             (0, 0, 0, 0)
1781615716.664   0          NONE             (0, 0, 0, 0)
1781615718.680   0          NONE             (0, 0, 0, 0)
1781615720.713   0          NONE             (0, 0, 0, 0)
1781615722.737   0          NONE             (0, 0, 0, 0)
1781615724.792   0          NONE             (0, 0, 0, 0)
1781615726.826   0          NONE             (0, 0, 0, 0)
1781615728.870   0          NONE             (0, 0, 0, 0)
1781615730.878   0          NONE             (0, 0, 0, 0)
1781615732.879   0          NONE             (0, 0, 0, 0)
1781615734.900   0          NONE             (0, 0, 0, 0)
1781615736.931   0          NONE             (0, 0, 0, 0)
1781615738.935   0          NONE             (0, 0, 0, 0)
1781615740.946   0          NONE             (0, 0, 0, 0)
1781615742.960   0          NONE             (0, 0, 0, 0)
1781615744.961   0          NONE             (0, 0, 0, 0)
1781615746.982   0          NONE             (0, 0, 0, 0)
1781615748.985   0          NONE             (0, 0, 0, 0)
1781615751.036   0          NONE             (0, 0, 0, 0)
1781615753.094   0          NONE             (0, 0, 0, 0)
1781615755.112   0          NONE             (0, 0, 0, 0)
1781615757.141   0          NONE             (0, 0, 0, 0)
1781615759.174   0          NONE             (0, 0, 0, 0)
1781615761.196   0          NONE             (0, 0, 0, 0)
1781615763.236   0          NONE             (0, 0, 0, 0)
1781615765.269   0          NONE             (0, 0, 0, 0)
1781615767.311   0          NONE             (0, 0, 0, 0)
1781615769.318   0          NONE             (0, 0, 0, 0)
1781615771.326   0          NONE             (0, 0, 0, 0)
1781615773.339   0          NONE             (0, 0, 0, 0)
1781615775.389   0          NONE             (0, 0, 0, 0)
1781615777.407   0          NONE             (0, 0, 0, 0)
1781615779.421   0          NONE             (0, 0, 0, 0)
1781615781.432   0          NONE             (0, 0, 0, 0)
1781615783.433   0          NONE             (0, 0, 0, 0)
1781615785.463   0          NONE             (0, 0, 0, 0)
1781615787.463   0          NONE             (0, 0, 0, 0)
1781615789.480   0          NONE             (0, 0, 0, 0)
1781615791.514   0          NONE             (0, 0, 0, 0)
1781615793.520   0          NONE             (0, 0, 0, 0)
1781615795.546   0          NONE             (0, 0, 0, 0)
1781615797.552   0          NONE             (0, 0, 0, 0)
1781615799.563   0          NONE             (0, 0, 0, 0)
1781615801.575   0          NONE             (0, 0, 0, 0)
1781615803.576   0          NONE             (0, 0, 0, 0)
1781615805.585   0          NONE             (0, 0, 0, 0)
1781615807.615   0          NONE             (0, 0, 0, 0)
1781615809.682   0          NONE             (0, 0, 0, 0)
1781615811.737   0          NONE             (0, 0, 0, 0)
1781615813.746   0          NONE             (0, 0, 0, 0)
1781615815.769   0          NONE             (0, 0, 0, 0)
1781615817.781   0          NONE             (0, 0, 0, 0)
1781615819.835   0          NONE             (0, 0, 0, 0)
1781615821.905   0          NONE             (0, 0, 0, 0)
1781615824.039   0          NONE             (0, 0, 0, 0)
1781615826.080   0          NONE             (0, 0, 0, 0)
1781615828.093   0          NONE             (0, 0, 0, 0)
1781615830.100   0          NONE             (0, 0, 0, 0)
1781615832.117   0          NONE             (0, 0, 0, 0)
1781615834.190   0          NONE             (0, 0, 0, 0)
1781615836.215   0          NONE             (0, 0, 0, 0)
1781615838.234   0          NONE             (0, 0, 0, 0)
1781615840.288   0          NONE             (0, 0, 0, 0)
1781615842.321   0          NONE             (0, 0, 0, 0)
1781615844.356   0          NONE             (0, 0, 0, 0)
1781615846.365   0          NONE             (0, 0, 0, 0)
1781615848.367   0          NONE             (0, 0, 0, 0)
1781615850.380   0          NONE             (0, 0, 0, 0)
1781615852.389   0          NONE             (0, 0, 0, 0)
1781615854.396   0          NONE             (0, 0, 0, 0)
1781615856.401   0          NONE             (0, 0, 0, 0)
1781615858.404   0          NONE             (0, 0, 0, 0)
1781615860.405   0          NONE             (0, 0, 0, 0)
1781615862.440   0          NONE             (0, 0, 0, 0)
1781615864.453   0          NONE             (0, 0, 0, 0)
1781615866.465   0          NONE             (0, 0, 0, 0)
1781615868.505   0          NONE             (0, 0, 0, 0)
1781615870.529   0          NONE             (0, 0, 0, 0)
1781615872.542   0          NONE             (0, 0, 0, 0)
1781615874.549   0          NONE             (0, 0, 0, 0)
1781615876.568   0          NONE             (0, 0, 0, 0)
1781615878.581   0          NONE             (0, 0, 0, 0)
1781615880.607   0          NONE             (0, 0, 0, 0)
1781615882.620   0          NONE             (0, 0, 0, 0)
1781615884.625   0          NONE             (0, 0, 0, 0)
1781615886.637   0          NONE             (0, 0, 0, 0)
1781615888.667   0          NONE             (0, 0, 0, 0)
1781615890.676   0          NONE             (0, 0, 0, 0)
1781615892.676   0          NONE             (0, 0, 0, 0)
1781615894.716   0          NONE             (0, 0, 0, 0)
1781615896.725   0          NONE             (0, 0, 0, 0)
1781615898.726   0          NONE             (0, 0, 0, 0)
1781615900.757   0          NONE             (0, 0, 0, 0)
1781615902.783   0          NONE             (0, 0, 0, 0)
1781615904.787   0          NONE             (0, 0, 0, 0)
1781615906.799   0          NONE             (0, 0, 0, 0)
1781615908.800   0          NONE             (0, 0, 0, 0)
1781615910.840   0          NONE             (0, 0, 0, 0)
1781615912.868   0          NONE             (0, 0, 0, 0)
1781615914.883   0          NONE             (0, 0, 0, 0)
1781615916.924   0          NONE             (0, 0, 0, 0)
1781615918.927   0          NONE             (0, 0, 0, 0)
1781615920.947   0          NONE             (0, 0, 0, 0)
1781615922.958   0          NONE             (0, 0, 0, 0)
1781615924.960   0          NONE             (0, 0, 0, 0)
1781615926.992   0          NONE             (0, 0, 0, 0)
1781615929.032   0          NONE             (0, 0, 0, 0)
1781615931.051   0          NONE             (0, 0, 0, 0)
1781615933.056   0          NONE             (0, 0, 0, 0)
1781615935.102   0          NONE             (0, 0, 0, 0)
1781615937.143   0          NONE             (0, 0, 0, 0)
1781615939.185   0          NONE             (0, 0, 0, 0)
1781615941.294   0          NONE             (0, 0, 0, 0)
1781615943.297   0          NONE             (0, 0, 0, 0)
1781615945.341   0          NONE             (0, 0, 0, 0)
1781615947.347   0          NONE             (0, 0, 0, 0)
1781615949.360   0          NONE             (0, 0, 0, 0)
1781615951.366   0          NONE             (0, 0, 0, 0)
1781615953.407   0          NONE             (0, 0, 0, 0)
1781615955.410   0          NONE             (0, 0, 0, 0)
1781615957.449   0          NONE             (0, 0, 0, 0)
1781615959.480   0          NONE             (0, 0, 0, 0)
1781615961.514   0          NONE             (0, 0, 0, 0)
1781615963.535   0          NONE             (0, 0, 0, 0)
1781615965.547   0          NONE             (0, 0, 0, 0)
1781615967.556   0          NONE             (0, 0, 0, 0)
1781615969.567   0          NONE             (0, 0, 0, 0)
1781615971.604   0          NONE             (0, 0, 0, 0)
1781615973.645   0          NONE             (0, 0, 0, 0)
1781615975.658   0          NONE             (0, 0, 0, 0)
1781615977.658   0          NONE             (0, 0, 0, 0)
1781615979.693   0          NONE             (0, 0, 0, 0)
1781615981.699   0          NONE             (0, 0, 0, 0)
1781615983.736   0          NONE             (0, 0, 0, 0)
1781615985.761   0          NONE             (0, 0, 0, 0)
1781615987.781   0          NONE             (0, 0, 0, 0)
1781615989.817   0          NONE             (0, 0, 0, 0)
1781615991.830   0          NONE             (0, 0, 0, 0)
1781615993.840   0          NONE             (0, 0, 0, 0)
1781615995.843   0          NONE             (0, 0, 0, 0)
1781615997.852   0          NONE             (0, 0, 0, 0)
1781615999.882   0          NONE             (0, 0, 0, 0)
1781616001.920   0          NONE             (0, 0, 0, 0)
1781616003.940   0          NONE             (0, 0, 0, 0)
1781616005.946   0          NONE             (0, 0, 0, 0)
1781616007.948   0          NONE             (0, 0, 0, 0)
1781616009.979   0          NONE             (0, 0, 0, 0)
1781616012.013   0          NONE             (0, 0, 0, 0)
1781616014.048   0          NONE             (0, 0, 0, 0)
1781616016.074   0          NONE             (0, 0, 0, 0)
1781616018.094   0          NONE             (0, 0, 0, 0)
1781616020.115   0          NONE             (0, 0, 0, 0)
1781616022.140   0          NONE             (0, 0, 0, 0)
1781616024.150   0          NONE             (0, 0, 0, 0)
1781616026.173   0          NONE             (0, 0, 0, 0)
1781616028.183   0          NONE             (0, 0, 0, 0)
1781616030.215   0          NONE             (0, 0, 0, 0)
1781616032.231   0          NONE             (0, 0, 0, 0)
1781616034.247   0          NONE             (0, 0, 0, 0)
1781616036.273   0          NONE             (0, 0, 0, 0)
1781616038.302   0          NONE             (0, 0, 0, 0)
1781616040.329   0          NONE             (0, 0, 0, 0)
1781616042.337   0          NONE             (0, 0, 0, 0)
1781616044.350   0          NONE             (0, 0, 0, 0)
1781616046.351   0          NONE             (0, 0, 0, 0)
1781616048.353   0          NONE             (0, 0, 0, 0)
1781616050.394   0          NONE             (0, 0, 0, 0)
1781616052.438   0          NONE             (0, 0, 0, 0)
1781616054.489   0          NONE             (0, 0, 0, 0)
1781616056.496   0          NONE             (0, 0, 0, 0)
1781616058.506   0          NONE             (0, 0, 0, 0)
1781616060.510   0          NONE             (0, 0, 0, 0)
1781616062.512   0          NONE             (0, 0, 0, 0)
1781616064.522   0          NONE             (0, 0, 0, 0)
1781616066.536   0          NONE             (0, 0, 0, 0)
1781616068.558   0          NONE             (0, 0, 0, 0)
1781616070.587   0          NONE             (0, 0, 0, 0)
1781616072.589   0          NONE             (0, 0, 0, 0)
1781616074.590   0          NONE             (0, 0, 0, 0)
1781616076.610   0          NONE             (0, 0, 0, 0)
1781616078.628   0          NONE             (0, 0, 0, 0)
1781616080.642   0          NONE             (0, 0, 0, 0)
1781616082.649   0          NONE             (0, 0, 0, 0)
1781616084.678   0          NONE             (0, 0, 0, 0)
1781616086.678   0          NONE             (0, 0, 0, 0)
1781616088.680   0          NONE             (0, 0, 0, 0)
1781616090.689   0          NONE             (0, 0, 0, 0)
1781616092.695   0          NONE             (0, 0, 0, 0)
1781616094.717   0          NONE             (0, 0, 0, 0)
1781616096.719   0          NONE             (0, 0, 0, 0)
1781616098.742   0          NONE             (0, 0, 0, 0)
1781616100.763   0          NONE             (0, 0, 0, 0)
1781616102.763   0          NONE             (0, 0, 0, 0)
1781616104.773   0          NONE             (0, 0, 0, 0)
1781616106.775   0          NONE             (0, 0, 0, 0)
1781616108.804   0          NONE             (0, 0, 0, 0)
1781616110.806   0          NONE             (0, 0, 0, 0)
1781616112.834   0          NONE             (0, 0, 0, 0)
1781616114.839   0          NONE             (0, 0, 0, 0)
1781616116.854   0          NONE             (0, 0, 0, 0)
1781616118.861   0          NONE             (0, 0, 0, 0)
1781616120.862   0          NONE             (0, 0, 0, 0)
1781616122.887   0          NONE             (0, 0, 0, 0)
1781616124.908   0          NONE             (0, 0, 0, 0)
1781616126.929   0          NONE             (0, 0, 0, 0)
1781616128.946   0          NONE             (0, 0, 0, 0)
1781616130.949   0          NONE             (0, 0, 0, 0)
1781616132.961   0          NONE             (0, 0, 0, 0)
1781616134.989   0          NONE             (0, 0, 0, 0)
1781616136.992   0          NONE             (0, 0, 0, 0)
1781616139.005   0          NONE             (0, 0, 0, 0)
1781616141.052   0          NONE             (0, 0, 0, 0)
1781616143.082   0          NONE             (0, 0, 0, 0)
1781616145.101   0          NONE             (0, 0, 0, 0)
1781616147.134   0          NONE             (0, 0, 0, 0)
1781616149.166   0          NONE             (0, 0, 0, 0)
1781616151.187   0          NONE             (0, 0, 0, 0)
1781616153.192   0          NONE             (0, 0, 0, 0)
1781616155.236   0          NONE             (0, 0, 0, 0)
1781616157.269   0          NONE             (0, 0, 0, 0)
1781616159.304   0          NONE             (0, 0, 0, 0)
1781616161.326   0          NONE             (0, 0, 0, 0)
1781616163.359   0          NONE             (0, 0, 0, 0)
1781616165.395   0          NONE             (0, 0, 0, 0)
1781616167.437   0          NONE             (0, 0, 0, 0)
1781616169.480   0          NONE             (0, 0, 0, 0)
1781616171.537   0          NONE             (0, 0, 0, 0)
1781616173.597   0          NONE             (0, 0, 0, 0)
1781616175.599   0          NONE             (0, 0, 0, 0)
1781616177.630   0          NONE             (0, 0, 0, 0)
1781616179.650   0          NONE             (0, 0, 0, 0)
1781616181.681   0          NONE             (0, 0, 0, 0)
1781616183.760   0          NONE             (0, 0, 0, 0)
1781616185.799   0          NONE             (0, 0, 0, 0)
1781616187.863   0          NONE             (0, 0, 0, 0)
1781616189.872   0          NONE             (0, 0, 0, 0)
1781616191.890   0          NONE             (0, 0, 0, 0)
Timestamp              Altitude (cm)    Gesture          RC Command      
1781616257.917   50         CLOSED_FIST      (0, 0, 0, 0)
1781616259.942   60         CLOSED_FIST      (-30, 0, 0, 0)
1781616261.981   50         THUMBS_DOWN      (0, 0, -20, 0)
1781616263.997   50         THUMBS_DOWN      (0, 0, -20, 0)
1781616266.013   20         NONE             (0, 0, -20, 0)
1781616268.031   0          PALM_LEFT        (-30, 0, 0, 0)
1781616270.041   0          PALM_LEFT        (-30, 0, 0, 0)
1781616272.079   0          NONE             (0, 0, -20, 0)
1781616274.094   -10        PALM_LEFT        (-30, 0, 0, 0)
1781616276.122   0          NONE             (-30, 0, 0, 0)
1781616278.159   -30        NONE             (-30, 0, 0, 0)
1781616280.172   0          NONE             (-30, 0, 0, 0)
1781616282.182   0          NONE             (-30, 0, 0, 0)
1781616284.262   0          NONE             (-30, 0, 0, 0)
1781616286.290   0          NONE             (-30, 0, 0, 0)
1781616288.305   0          NONE             (-30, 0, 0, 0)
1781616290.309   0          NONE             (-30, 0, 0, 0)
1781616292.344   0          NONE             (-30, 0, 0, 0)
Timestamp              Altitude (cm)    Gesture          RC Command      
1781617006.702   50         CLOSED_FIST      (0, 0, 0, 0)
1781617008.743   50         CLOSED_FIST      (-2, 30, 0, 0)
1781617010.790   60         THUMBS_DOWN      (0, 0, -20, 0)
1781617012.802   50         NONE             (0, 0, 0, 0)
1781617014.819   50         NONE             (0, 0, 0, 0)
1781617016.829   70         PALM_LEFT        (0, 0, 0, 0)
1781617018.855   60         NONE             (0, 0, 0, 0)
1781617020.900   60         PALM_RIGHT       (0, 0, 0, 0)
1781617022.916   60         NONE             (0, 0, 0, 0)
1781617024.936   60         NONE             (0, 0, 0, 0)
1781617026.972   60         THUMBS_UP        (0, 0, 0, 0)
1781617029.021   50         THUMBS_UP        (0, 0, 20, 0)
1781617031.050   60         NONE             (0, 0, 0, 0)
1781617033.072   60         NONE             (0, 0, 0, 0)
1781617035.081   60         PALM_LEFT        (-30, 0, 0, 0)
1781617037.124   60         PALM_LEFT        (0, 0, 0, 0)
1781617039.127   60         PALM_LEFT        (0, 0, 0, 0)
1781617041.179   60         PALM_RIGHT       (30, 0, 0, 0)
1781617043.216   60         PALM_RIGHT       (0, 0, 0, 0)
1781617045.220   70         NONE             (0, 0, 0, 0)
1781617047.228   80         NONE             (0, 0, 0, 0)
1781617049.244   60         NONE             (0, 0, 0, 0)
1781617051.275   70         THUMBS_UP        (0, 0, 20, 0)
1781617053.289   70         THUMBS_UP        (0, 0, 0, 0)
1781617055.333   80         PALM_DOWN        (0, 0, 0, 0)
1781617057.358   80         THUMBS_DOWN      (0, 0, 0, 0)
Timestamp              Altitude (cm)    VGX      VGY      Gesture          RC Command      
1781619765.978   60         0        0        PALM_DOWN        (0, 0, 0, 0)
1781619768.021   60         0        0        THUMBS_DOWN      (0, 0, 0, 0)
1781619770.065   60         0        0        THUMBS_UP        (0, 0, 20, 0)
1781619772.074   70         0        0        THUMBS_DOWN      (0, 0, -20, 0)
1781619774.076   70         0        0        THUMBS_DOWN      (0, 0, -20, 0)
1781619776.112   60         0        0        THUMBS_DOWN      (0, 0, -20, 0)
1781619778.176   50         0        0        PALM_LEFT        (0, 0, 0, 0)
1781619780.202   30         0        0        PALM_LEFT        (0, 0, 0, 0)
1781619782.203   -20        2        1        NONE             (0, 0, 0, 0)
1781619784.234   0          0        0        NONE             (0, 0, 0, 0)
1781619786.242   0          0        0        NONE             (0, 0, 0, 0)
1781619788.248   0          0        0        NONE             (0, 0, 0, 0)
1781619790.255   0          0        0        NONE             (0, 0, 0, 0)
1781619792.264   0          0        0        NONE             (0, 0, 0, 0)
Timestamp              Altitude (cm)    VGX      VGY      Gesture          RC Command      
1781620521.892   60         0        0        THUMBS_DOWN      (0, 0, 0, 0)
1781620523.902   70         0        0        THUMBS_UP        (0, 0, 0, 0)
1781620525.933   80         0        0        THUMBS_UP        (0, 0, 20, 0)
1781620527.966   70         0        0        NONE             (0, 0, 0, 0)
1781620529.978   80         1        0        NONE             (0, 0, 0, 0)
1781620532.005   70         0        0        NONE             (0, 0, 0, 0)
1781620534.019   80         0        0        THUMBS_UP        (0, 0, 20, 0)
1781620536.048   90         0        0        NONE             (0, 0, 0, 0)
1781620538.064   90         0        0        THUMBS_DOWN      (0, 0, 0, 0)
1781620540.090   80         0        0        PALM_LEFT        (0, 0, 0, 0)
1781620542.147   10         0        0        NONE             (0, 0, 0, 0)
1781620544.165   -10        0        0        NONE             (0, 0, 0, 0)
1781620546.190   0          0        0        NONE             (0, 0, 0, 0)
1781620548.212   0          0        0        NONE             (0, 0, 0, 0)
Timestamp              Altitude (cm)    VGX      VGY      Gesture          RC Command      
1781620709.255   60         0        0        PALM_LEFT        (0, 0, 0, 0)
1781620711.257   70         0        0        CLOSED_FIST      (0, 0, 0, 0)
1781620713.291   60         0        0        CLOSED_FIST      (0, 30, 0, 0)
1781620715.310   70         3        0        THUMBS_DOWN      (0, 0, -20, 0)
1781620717.320   50         0        0        THUMBS_DOWN      (0, 0, -20, 0)
1781620719.332   40         0        0        NONE             (0, 0, 0, 0)
1781620721.377   40         0        0        THUMBS_DOWN      (0, 0, 0, 0)
1781620723.388   50         0        0        CLOSED_FIST      (-1, 30, 0, 0)
1781620725.400   60         0        0        THUMBS_UP        (0, 0, 20, 0)
1781620727.453   80         0        0        THUMBS_DOWN      (0, 0, 0, 0)
1781620729.454   70         0        0        THUMBS_DOWN      (0, 0, -20, 0)
1781620731.489   60         0        2        PALM_RIGHT       (30, 0, 0, 0)
1781620733.517   60         0        -2       PALM_LEFT        (-30, 0, 0, 0)
1781620735.566   60         2        0        THUMBS_DOWN      (0, 0, -20, 0)
1781620737.609   50         0        0        THUMBS_DOWN      (0, 0, -20, 0)
1781620739.638   50         0        0        PALM_RIGHT       (30, 0, 0, 0)
1781620741.684   50         0        0        PALM_RIGHT       (0, 0, 0, 0)
1781620743.728   50         0        0        PALM_RIGHT       (30, 0, 0, 0)
1781620745.732   50         0        0        THUMBS_DOWN      (0, 0, -20, 0)
1781620747.740   40         1        0        CLOSED_FIST      (-3, 30, 0, 0)
1781620749.750   30         0        0        THUMBS_DOWN      (0, 0, -20, 0)
1781620751.791   30         0        1        PALM_RIGHT       (30, 0, 0, 0)
1781620753.802   30         0        0        NONE             (0, 0, 0, 0)
1781620755.814   20         0        0        NONE             (0, 0, 0, 0)
1781620757.856   20         0        0        THUMBS_DOWN      (0, 0, 0, 0)
1781620759.868   20         0        0        THUMBS_DOWN      (0, 0, 0, 0)
1781620761.877   20         0        0        THUMBS_DOWN      (0, 0, -20, 0)
1781620763.888   20         0        0        THUMBS_DOWN      (0, 0, -20, 0)
1781620765.916   20         0        0        THUMBS_DOWN      (0, 0, -20, 0)
1781620767.977   30         0        0        THUMBS_UP        (0, 0, 20, 0)
1781620769.988   40         0        0        THUMBS_DOWN      (0, 0, -20, 0)
1781620771.988   30         0        0        THUMBS_DOWN      (0, 0, -20, 0)
1781620774.000   20         0        0        NONE             (0, 0, 0, 0)
1781620776.015   20         0        0        OPEN_PALM        (0, -30, 0, 0)
1781620778.017   20         0        0        CLOSED_FIST      (0, 0, 0, 0)
1781620780.050   20         0        0        NONE             (0, 0, 0, 0)
1781620782.069   20         0        0        CLOSED_FIST      (-1, 30, 0, 0)
1781620784.116   20         0        0        THUMBS_DOWN      (0, 0, 0, 0)
1781620786.149   20         0        0        THUMBS_DOWN      (0, 0, 0, 0)
1781620788.171   20         0        0        NONE             (0, 0, 0, 0)
Timestamp              Altitude (cm)    VGX      VGY      Gesture          RC Command      
1781620947.179   0          0        0        NONE             (0, 0, 0, 0)
1781620949.193   0          0        0        NONE             (0, 0, 0, 0)
1781620951.229   0          0        0        PALM_RIGHT       (0, 0, 0, 0)
1781620953.267   0          0        0        PALM_LEFT        (0, 0, 0, 0)
1781620955.317   0          0        0        PALM_RIGHT       (0, 0, 0, 0)
1781620957.383   0          0        0        NONE             (0, 0, 0, 0)
1781620959.424   0          0        0        NONE             (0, 0, 0, 0)
1781620961.426   0          0        0        NONE             (0, 0, 0, 0)
1781620963.431   0          0        0        NONE             (0, 0, 0, 0)
1781620965.449   0          0        0        NONE             (0, 0, 0, 0)
Timestamp              Altitude (cm)    VGX      VGY      Gesture          RC Command      
1781621085.427   60         0        0        NONE             (0, 0, 0, 0)
1781621087.436   70         0        0        NONE             (0, 0, 0, 0)
1781621089.443   70         1        0        NONE             (0, 0, 0, 0)
1781621091.447   70         0        0        NONE             (0, 0, 0, 0)
1781621093.461   40         0        0        NONE             (0, 0, 0, 0)
1781621095.479   0          0        0        NONE             (0, 0, 0, 0)
1781621097.492   0          0        0        NONE             (0, 0, 0, 0)
1781621099.535   0          0        0        NONE             (0, 0, 0, 0)
1781621101.567   0          0        0        NONE             (0, 0, 0, 0)
1781621103.630   0          0        0        THUMBS_UP        (0, 0, 0, 0)
1781621105.659   0          0        0        NONE             (0, 0, 0, 0)
1781621107.693   0          0        0        NONE             (0, 0, 0, 0)
1781621109.711   0          0        0        NONE             (0, 0, 0, 0)
1781621111.727   0          0        0        PALM_LEFT        (0, 0, 0, 0)
1781621113.788   0          0        0        THUMBS_DOWN      (0, 0, 0, 0)
1781621115.820   0          0        0        NONE             (0, 0, 0, 0)
1781621117.836   0          0        0        NONE             (0, 0, 0, 0)
1781621119.852   0          0        0        NONE             (0, 0, 0, 0)
1781621121.871   0          0        0        NONE             (0, 0, 0, 0)
1781621123.872   0          0        0        NONE             (0, 0, 0, 0)
1781621125.890   0          0        0        NONE             (0, 0, 0, 0)
1781621127.928   0          0        0        NONE             (0, 0, 0, 0)
1781621129.935   0          0        0        NONE             (0, 0, 0, 0)
1781621131.951   30         0        0        NONE             (0, 0, 0, 0)
1781621133.975   0          0        0        NONE             (0, 0, 0, 0)
1781621135.991   0          0        0        NONE             (0, 0, 0, 0)
1781621138.031   0          0        0        NONE             (0, 0, 0, 0)
1781621140.068   -10        0        0        NONE             (0, 0, 0, 0)
1781621142.086   100        0        0        NONE             (0, 0, 0, 0)
1781621144.092   -90        0        0        NONE             (0, 0, 0, 0)
1781621146.104   0          0        0        NONE             (0, 0, 0, 0)
1781621148.121   0          0        0        NONE             (0, 0, 0, 0)
1781621150.150   0          0        0        NONE             (0, 0, 0, 0)
1781621152.157   0          0        0        PALM_LEFT        (30, 0, 0, 0)
1781621154.193   0          0        0        NONE             (0, 0, 0, 0)
1781621156.213   0          0        0        NONE             (0, 0, 0, 0)
1781621158.221   -10        0        0        NONE             (0, 0, 0, 0)
Timestamp              Altitude (cm)    VGX      VGY      Gesture          RC Command      
1787397854.883   70         0        0        PALM_UP          (0, 0, 0, 0)
1787397856.923   70         0        0        PALM_UP          (0, 0, 0, 0)
1787397858.926   40         0        0        PALM_UP          (0, 0, 0, 0)
1787397860.943   20         0        0        THUMBS_DOWN      (0, 0, 0, 0)
1787397862.952   10         0        0        NONE             (0, 0, 0, 0)
1787397864.973   0          3        3        NONE             (0, 0, 0, 0)
1787397866.999   0          0        0        NONE             (0, 0, 0, 0)
1787397869.002   0          0        0        NONE             (0, 0, 0, 0)
1787397871.019   0          0        0        NONE             (0, 0, 0, 0)
1787397873.045   0          0        0        PALM_UP          (0, 0, 0, 0)
1787397875.083   0          0        0        PALM_UP          (0, 0, 0, 0)
1787397877.121   0          0        0        PALM_UP          (0, 0, 0, 0)
1787397879.154   0          0        0        THUMBS_UP        (0, 0, 20, 0)
1787397881.192   0          0        0        THUMBS_UP        (0, 0, 20, 0)
1787397883.228   0          0        0        THUMBS_UP        (0, 0, 20, 0)
1787397885.270   0          0        0        PALM_DOWN        (0, 0, 0, 0)
1787397887.281   0          0        0        PALM_DOWN        (0, 0, 0, 0)
1787397889.286   0          0        0        PALM_DOWN        (0, 0, 0, 0)
1787397891.298   0          0        0        PALM_DOWN        (0, 0, 0, 0)
1787397893.309   0          0        0        PALM_DOWN        (0, 0, 0, 0)
1787397895.338   0          0        0        PALM_DOWN        (0, 0, 0, 0)
1787397897.375   0          0        0        PALM_UP          (0, 0, 0, 0)
1787397899.386   0          0        0        PALM_UP          (0, 0, 0, 0)
1787397901.395   0          0        0        PALM_DOWN        (0, 0, 0, 0)
1787397903.415   0          0        0        PALM_UP          (0, 0, 0, 0)
1787397905.438   0          0        0        PALM_UP          (0, 0, 0, 0)
1787397907.469   0          0        0        PALM_UP          (0, 0, 0, 0)
1787397909.476   0          0        0        PALM_UP          (0, 0, 0, 0)
1787397911.511   0          0        0        PALM_UP          (0, 0, 0, 0)
1787397913.549   0          0        0        PALM_UP          (0, 0, 0, 0)
1787397915.574   0          0        0        THUMBS_DOWN      (0, 0, 0, 0)
1787397917.593   0          0        0        PALM_UP          (0, 0, 0, 0)
1787397919.628   0          0        0        PALM_UP          (0, 0, 0, 0)
1787397921.671   0          0        0        THUMBS_UP        (0, 0, 0, 0)
1787397923.721   0          0        0        THUMBS_DOWN      (0, 0, 0, 0)
1787397925.731   0          0        0        THUMBS_UP        (0, 0, 0, 0)
1787397927.732   0          0        0        THUMBS_UP        (0, 0, 20, 0)
1787397929.772   0          0        0        THUMBS_UP        (0, 0, 0, 0)
1787397931.792   0          0        0        THUMBS_UP        (0, 0, 0, 0)
1787397933.823   0          0        0        PALM_UP          (0, 0, 0, 0)
1787397935.865   0          0        0        THUMBS_DOWN      (0, 0, 0, 0)
1787397937.897   0          0        0        NONE             (0, 0, 0, 0)
1787397939.908   0          0        0        NONE             (0, 0, 0, 0)
1787397941.915   0          0        0        PALM_UP          (0, 0, 0, 0)
1787397943.933   0          0        0        NONE             (0, 0, 0, 0)
